trip	haul	triphaul	date	rectangle	time1	time2	duration	depth	lat1	lon1	lat2	lon2	lat	lon	valid	station	year	month	day
S20160002	12	S20160002/12	230116	44E8	1436	1506	30	75	57.786	-1.475	57.759	-1.497	57.7725	-1.486	TRUE	NA	2016	1	23
S20160002	13	S20160002/13	240116	44E6	0823	0853	30	84	57.865	-3.086	57.865	-3.028	57.865	-3.057	TRUE	NA	2016	1	24
S20160002	14	S20160002/14	240116	44E7	1005	1035	30	80	57.967	-2.894	57.971	-2.949	57.969	-2.9215	TRUE	NA	2016	1	24
S20160002	15	S20160002/15	240116	45E6	1252	1322	30	66	58.175	-3.084	58.156	-3.123	58.1655	-3.1035	TRUE	NA	2016	1	24
S20160002	16	S20160002/16	240116	45E7	1622	1652	30	70	58.43	-2.523	58.46	-2.514	58.445	-2.5185	TRUE	NA	2016	1	24
S20160002	17	S20160002/17	250116	46E6	0811	0841	30	60	58.609	-3.88	58.614	-3.822	58.6115	-3.851	TRUE	NA	2016	1	25
S20160002	18	S20160002/18	250116	46E6	1041	1111	30	99	58.849	-3.788	58.874	-3.82	58.8615	-3.804	TRUE	NA	2016	1	25
S20160002	19	S20160002/19	250116	47E6	1406	1436	30	100	59.258	-3.479	59.284	-3.456	59.271	-3.4675	TRUE	NA	2016	1	25
S20160002	20	S20160002/20	250116	47E6	1645	1700	15	150	59.362	-3.759	59.365	-3.786	59.3635	-3.7725	TRUE	NA	2016	1	25
S20160002	21	S20160002/21	260116	48E6	0820	0850	30	166	59.557	-3.828	59.527	-3.82	59.542	-3.824	TRUE	NA	2016	1	26
S20160002	22	S20160002/22	260116	49E6	1250	1313	23	189	60.029	-3.307	60.007	-3.29	60.018	-3.2985	TRUE	NA	2016	1	26
S20160002	23	S20160002/23	260116	49E7	1631	1701	30	180	60.317	-2.728	60.295	-2.767	60.306	-2.7475	TRUE	NA	2016	1	26
S20160002	24	S20160002/24	270116	50E7	0812	0842	30	160	60.612	-2.26	60.581	-2.265	60.5965	-2.2625	TRUE	NA	2016	1	27
S20160002	25	S20160002/25	270116	50E8	0812	0842	30	135	60.726	-1.928	60.7	-1.959	60.713	-1.9435	FALSE	NA	2016	1	27
S20160002	26	S20160002/26	270116	50E8	1421	1451	30	136	60.913	-1.879	60.888	-1.903	60.9005	-1.891	TRUE	NA	2016	1	27
S20160002	27	S20160002/27	270116	50E8	1621	1636	15	136	60.964	-1.643	60.965	-1.612	60.9645	-1.6275	TRUE	NA	2016	1	27
S20160002	28	S20160002/28	280116	51E8	0811	0840	29	186	61.171	-1.493	61.151	-1.532	61.161	-1.5125	TRUE	NA	2016	1	28
S20160002	29	S20160002/29	280116	51E8	1057	1127	30	129	61.013	-1.019	61.006	-1.076	61.0095	-1.0475	TRUE	NA	2016	1	28
S20160002	30	S20160002/30	280116	51E9	1343	1413	30	150	61.139	-0.682	61.111	-0.687	61.125	-0.6845	TRUE	NA	2016	1	28
S20160002	31	S20160002/31	280116	51E9	1627	1657	30	167	61.246	-0.348	61.215	-0.356	61.2305	-0.352	TRUE	NA	2016	1	28
S20160002	32	S20160002/32	300116	50E9	0827	0855	28	114	60.767	-0.62	60.772	-0.674	60.7695	-0.647	TRUE	NA	2016	1	30
S20160002	33	S20160002/33	300116	50E9	1042	1112	30	95	60.708	-0.256	60.679	-0.271	60.6935	-0.2635	TRUE	NA	2016	1	30
S20160002	34	S20160002/34	300116	49E9	1350	1420	30	152	60.494	-0.621	60.467	-0.597	60.4805	-0.609	TRUE	NA	2016	1	30
S20160002	35	S20160002/35	310116	49E8	0806	0836	30	80	60.142	-1.725	60.165	-1.765	60.1535	-1.745	TRUE	NA	2016	1	31
S20160002	36	S20160002/36	310116	49E8	1030	1100	30	130	60.017	-1.508	60.016	-1.567	60.0165	-1.5375	TRUE	NA	2016	1	31
S20160002	37	S20160002/37	310116	48E8	1244	1314	30	102	59.901	-1.742	59.907	-1.687	59.904	-1.7145	TRUE	NA	2016	1	31
S20160002	38	S20160002/38	310116	48E7	1244	1314	30	108	59.796	-2.071	59.8	-2.121	59.798	-2.096	TRUE	NA	2016	1	31
S20160002	39	S20160002/39	010216	47E8	0808	0838	30	81	59.037	-1.845	59.02	-1.894	59.0285	-1.8695	TRUE	NA	2016	2	1
S20160002	40	S20160002/40	010216	46E8	0943	1008	25	92	58.936	-1.876	58.914	-1.852	58.925	-1.864	TRUE	NA	2016	2	1
S20160002	41	S20160002/41	010216	47E7	1225	1255	30	85	59.05	-2.181	59.02	-2.177	59.035	-2.179	TRUE	NA	2016	2	1
S20160002	42	S20160002/42	010216	46E7	1501	1531	30	80	58.88	-2.405	58.862	-2.45	58.871	-2.4275	TRUE	NA	2016	2	1
S20160002	43	S20160002/43	020216	48E9	0813	0843	30	137	59.69	-0.26	59.708	-0.304	59.699	-0.282	TRUE	NA	2016	2	2
S20160002	44	S20160002/44	020216	47E9	1215	1245	30	138	59.286	-0.336	59.282	-0.396	59.284	-0.366	TRUE	NA	2016	2	2
S20160002	45	S20160002/45	020216	46E9	1625	1655	30	135	58.826	-0.053	58.831	-0.107	58.8285	-0.08	TRUE	NA	2016	2	2
S20160002	46	S20160002/46	030216	45E8	0751	0821	30	92	58.328	-1.419	58.323	-1.362	58.3255	-1.3905	TRUE	NA	2016	2	3
S20160002	47	S20160002/47	030216	45E9	1035	1105	30	117	58.081	-0.976	58.051	-0.971	58.066	-0.9735	TRUE	NA	2016	2	3
S20160002	48	S20160002/48	030216	44E9	1254	1324	30	98	57.917	-0.818	57.933	-0.77	57.925	-0.794	TRUE	NA	2016	2	3
S20160002	49	S20160002/49	030216	45E9	1626	1656	30	133	58.117	-0.067	58.146	-0.083	58.1315	-0.075	TRUE	NA	2016	2	3
S20160002	50	S20160002/50	050216	43E8	1033	1052	19	93	57.051	-1.821	57.037	-1.796	57.044	-1.8085	TRUE	NA	2016	2	5
S20160002	51	S20160002/51	050216	42E7	1406	1436	30	50	56.725	-2.251	56.695	-2.252	56.71	-2.2515	TRUE	NA	2016	2	5
S20160002	52	S20160002/52	060216	41E7	0740	0810	30	56	56.305	-2.144	56.278	-2.168	56.2915	-2.156	TRUE	NA	2016	2	6
S20160002	53	S20160002/53	060216	41E8	1002	1032	30	60	56.426	-1.84	56.426	-1.785	56.426	-1.8125	TRUE	NA	2016	2	6
S20160002	54	S20160002/54	060216	42E8	1257	1327	30	70	56.623	-1.27	56.649	-1.244	56.636	-1.257	TRUE	NA	2016	2	6
S20160002	55	S20160002/55	060216	41E9	1624	1654	30	75	56.291	-0.908	56.289	-0.963	56.29	-0.9355	TRUE	NA	2016	2	6
S20160002	56	S20160002/56	070216	43F0	0733	0803	30	70	57.192	0.21	57.164	0.216	57.178	0.213	TRUE	NA	2016	2	7
S20160002	57	S20160002/57	070216	43E9	1232	1248	16	81	57.281	-0.76	57.27	-0.782	57.2755	-0.771	TRUE	NA	2016	2	7
S20160002	58	S20160002/58	080216	42E9	0742	0812	30	82	56.791	-0.211	56.776	-0.261	56.7835	-0.236	TRUE	NA	2016	2	8
S20160002	59	S20160002/59	080216	42F0	1037	1107	30	85	56.804	0.373	56.79	0.422	56.797	0.3975	TRUE	NA	2016	2	8
S20160002	60	S20160002/60	080216	42F1	1434	1439	5	87	56.542	1.168	56.547	1.162	56.5445	1.165	FALSE	NA	2016	2	8
S20160002	61	S20160002/61	080216	42F1	1617	1633	16	87	56.542	1.168	56.557	1.155	56.5495	1.1615	TRUE	NA	2016	2	8
S20160002	62	S20160002/62	090216	43F1	0830	0900	30	94	57.345	1.598	57.346	1.656	57.3455	1.627	TRUE	NA	2016	2	9
S20160002	63	S20160002/63	090216	43F2	1125	1155	30	83	57.396	2.281	57.376	2.242	57.386	2.2615	TRUE	NA	2016	2	9
S20160002	64	S20160002/64	090216	42F2	1602	1632	30	88	56.743	2.132	56.729	2.08	56.736	2.106	TRUE	NA	2016	2	9
S20160002	65	S20160002/65	100216	44F1	0739	0809	30	89	57.675	1.372	57.675	1.314	57.675	1.343	TRUE	NA	2016	2	10
S20160002	66	S20160002/66	100216	45F1	1404	1409	5	140	58.395	1.099	58.396	1.092	58.3955	1.0955	FALSE	NA	2016	2	10
S20160002	67	S20160002/67	100216	45F1	1434	1449	15	139	58.398	1.082	58.403	1.055	58.4005	1.0685	TRUE	NA	2016	2	10
S20160002	68	S20160002/68	100216	46F1	1644	1714	30	114	58.659	1.092	58.677	1.141	58.668	1.1165	TRUE	NA	2016	2	10
S20160002	69	S20160002/69	110216	46F0	0734	0804	30	134	58.733	0.664	58.762	0.662	58.7475	0.663	TRUE	NA	2016	2	11
S20160002	70	S20160002/70	110216	45F0	1109	1139	30	140	58.349	0.458	58.325	0.495	58.337	0.4765	TRUE	NA	2016	2	11
S20160002	71	S20160002/71	110216	44F0	1501	1531	30	127	57.82	0.261	57.798	0.226	57.809	0.2435	TRUE	NA	2016	2	11
S20160003	72	S20160003/72	170216	48E5	0747	0817	30	103	59.581	-4.611	59.553	-4.622	59.567	-4.6165	TRUE	NA	2016	2	17
S20160003	73	S20160003/73	170216	48E5	1017	1047	30	115	59.771	-4.426	59.741	-4.439	59.756	-4.4325	TRUE	NA	2016	2	17
S20160003	74	S20160003/74	170216	48E5	1340	1410	30	230	59.971	-4.884	59.954	-4.927	59.9625	-4.9055	TRUE	NA	2016	2	17
S20160003	75	S20160003/75	170216	49E5	1628	1658	30	270	60.125	-4.536	60.107	-4.581	60.116	-4.5585	TRUE	NA	2016	2	17
S20160003	76	S20160003/76	180216	47E5	0745	0815	30	109	59.265	-4.878	59.255	-4.93	59.26	-4.904	TRUE	NA	2016	2	18
S20160003	77	S20160003/77	180216	47E4	1020	1050	30	105	59.307	-5.453	59.306	-5.511	59.3065	-5.482	TRUE	NA	2016	2	18
S20160003	78	S20160003/78	180216	47E3	1308	1334	26	100	59.254	-6.01	59.244	-6.058	59.249	-6.034	TRUE	NA	2016	2	18
S20160003	79	S20160003/79	180216	47E4	1536	1606	30	79	59.021	-5.939	58.992	-5.931	59.0065	-5.935	TRUE	NA	2016	2	18
S20160003	80	S20160003/80	190216	47E3	0747	0817	30	160	59.451	-6.215	59.435	-6.262	59.443	-6.2385	TRUE	NA	2016	2	19
S20160003	81	S20160003/81	190216	47E3	1003	1033	30	201	59.344	-6.521	59.317	-6.506	59.3305	-6.5135	TRUE	NA	2016	2	19
S20160003	82	S20160003/82	190216	47E3	1333	1403	30	145	59.162	-6.72	59.133	-6.719	59.1475	-6.7195	TRUE	NA	2016	2	19
S20160003	83	S20160003/83	190216	46E3	1632	1702	30	140	58.882	-6.679	58.877	-6.733	58.8795	-6.706	TRUE	NA	2016	2	19
S20160003	84	S20160003/84	200216	46E4	0737	0807	30	110	58.571	-5.969	58.581	-6.019	58.576	-5.994	TRUE	NA	2016	2	20
S20160003	88	S20160003/88	200216	42E2	0745	0815	30	190	56.88	-7.3	56.881	-7.355	56.8805	-7.3275	TRUE	NA	2016	2	20
S20160003	85	S20160003/85	200216	45E4	1043	1103	20	103	58.264	-5.948	58.247	-5.963	58.2555	-5.9555	TRUE	NA	2016	2	20
S20160003	86	S20160003/86	200216	45E3	1257	1327	30	70	58.1	-6.038	58.073	-6.058	58.0865	-6.048	TRUE	NA	2016	2	20
S20160003	87	S20160003/87	200216	44E3	1638	1708	30	150	57.622	-6.024	57.594	-6.026	57.608	-6.025	TRUE	NA	2016	2	20
S20160003	89	S20160003/89	210216	43E2	1006	1036	30	140	57.065	-7.053	57.093	-7.041	57.079	-7.047	TRUE	NA	2016	2	21
S20160003	90	S20160003/90	210216	43E3	1239	1257	18	110	57.258	-6.732	57.275	-6.742	57.2665	-6.737	TRUE	NA	2016	2	21
S20160003	91	S20160003/91	210216	44E3	1606	1636	30	140	57.626	-6.727	57.597	-6.736	57.6115	-6.7315	TRUE	NA	2016	2	21
S20160003	92	S20160003/92	220216	46E2	0811	0841	30	190	58.904	-7.532	58.927	-7.497	58.9155	-7.5145	TRUE	NA	2016	2	22
S20160003	93	S20160003/93	220216	46E2	1033	1103	30	120	58.807	-7.136	58.834	-7.162	58.8205	-7.149	TRUE	NA	2016	2	22
S20160003	94	S20160003/94	220216	46E2	1318	1348	30	95	58.576	-7.135	58.604	-7.151	58.59	-7.143	TRUE	NA	2016	2	22
S20160003	95	S20160003/95	220216	45E2	1615	1637	22	124	58.31	-7.141	58.331	-7.14	58.3205	-7.1405	TRUE	NA	2016	2	22
S20160003	96	S20160003/96	230216	46E2	0746	0816	30	140	58.519	-7.674	58.551	-7.679	58.535	-7.6765	TRUE	NA	2016	2	23
S20160003	97	S20160003/97	230216	46E2	1018	1048	30	250	58.647	-7.96	58.664	-7.915	58.6555	-7.9375	TRUE	NA	2016	2	23
S20160003	98	S20160003/98	230216	45E1	1309	1337	28	185	58.469	-8.256	58.453	-8.3	58.461	-8.278	TRUE	NA	2016	2	23
S20160003	99	S20160003/99	230216	45E1	1632	1702	30	145	58.153	-8.316	58.129	-8.351	58.141	-8.3335	FALSE	NA	2016	2	23
S20160003	100	S20160003/100	240216	45E1	0733	0803	30	140	58.169	-8.278	58.198	-8.266	58.1835	-8.272	TRUE	NA	2016	2	24
S20160003	101	S20160003/101	240216	44E1	1004	1034	30	137	57.979	-8.537	57.998	-8.58	57.9885	-8.5585	TRUE	NA	2016	2	24
S20160003	102	S20160003/102	240216	44E1	1348	1418	30	140	57.826	-8.925	57.853	-8.898	57.8395	-8.9115	TRUE	NA	2016	2	24
S20160003	103	S20160003/103	240216	45E0	1644	1714	30	260	58.081	-9.227	58.107	-9.197	58.094	-9.212	TRUE	NA	2016	2	24
S20160003	104	S20160003/104	250216	44E0	0745	0815	30	180	57.724	-9.343	57.693	-9.351	57.7085	-9.347	TRUE	NA	2016	2	25
S20160003	105	S20160003/105	250216	43E0	1051	1121	30	144	57.304	-9.149	57.309	-9.094	57.3065	-9.1215	TRUE	NA	2016	2	25
S20160003	106	S20160003/106	250216	43E1	1255	1325	30	140	57.276	-8.775	57.287	-8.722	57.2815	-8.7485	TRUE	NA	2016	2	25
S20160003	107	S20160003/107	250216	43E1	1504	1535	31	135	57.234	-8.358	57.227	-8.302	57.2305	-8.33	TRUE	NA	2016	2	25
S20160003	108	S20160003/108	260216	42E1	0744	0814	30	125	56.815	-8.03	56.786	-8.03	56.8005	-8.03	TRUE	NA	2016	2	26
S20160003	109	S20160003/109	260216	42E1	0955	1025	30	138	56.722	-8.396	56.696	-8.424	56.709	-8.41	TRUE	NA	2016	2	26
S20160003	110	S20160003/110	260216	42E1	1207	1237	30	170	56.533	-8.467	56.522	-8.417	56.5275	-8.442	TRUE	NA	2016	2	26
S20160003	111	S20160003/111	260216	41E1	1432	1459	27	171	56.424	-8.037	56.401	-8.013	56.4125	-8.025	TRUE	NA	2016	2	26
S20160003	112	S20160003/112	260216	41E1	1719	1749	30	115	56.119	-8.204	56.093	-8.23	56.106	-8.217	TRUE	NA	2016	2	26
S20160003	113	S20160003/113	270216	40E1	0744	0814	30	130	55.981	-8.529	55.966	-8.577	55.9735	-8.553	TRUE	NA	2016	2	27
S20160003	114	S20160003/114	270216	40E1	0939	0959	20	120	55.785	-8.719	55.768	-8.736	55.7765	-8.7275	TRUE	NA	2016	2	27
S20160003	115	S20160003/115	270216	40E0	1230	1300	30	220	55.645	-9.332	55.615	-9.346	55.63	-9.339	TRUE	NA	2016	2	27
S20160003	116	S20160003/116	270216	40E1	1522	1537	15	97	55.552	-8.841	55.549	-8.816	55.5505	-8.8285	TRUE	NA	2016	2	27
S20160003	117	S20160003/117	280216	39E4	0717	0747	30	46	55.273	-5.395	55.276	-5.342	55.2745	-5.3685	TRUE	NA	2016	2	28
S20160003	118	S20160003/118	280216	39E4	0908	0938	30	61	55.366	-5.023	55.382	-4.977	55.374	-5	TRUE	NA	2016	2	28
S20160003	119	S20160003/119	280216	40E5	1148	1208	20	97	55.604	-5.009	55.588	-4.99	55.596	-4.9995	TRUE	NA	2016	2	28
S20160003	120	S20160003/120	010316	39E3	0736	0757	21	79	55.377	-6.741	55.374	-6.706	55.3755	-6.7235	TRUE	NA	2016	3	1
S20160003	121	S20160003/121	010316	39E2	1043	1113	30	58	55.502	-7.381	55.476	-7.408	55.489	-7.3945	TRUE	NA	2016	3	1
S20160003	122	S20160003/122	010316	39E1	1448	1518	30	58	55.29	-8.12	55.314	-8.148	55.302	-8.134	TRUE	NA	2016	3	1
S20160003	123	S20160003/123	010316	39E2	1705	1735	30	73	55.466	-7.936	55.47	-7.983	55.468	-7.9595	TRUE	NA	2016	3	1
S20160003	124	S20160003/124	020316	42E3	0725	0755	30	90	56.851	-6.439	56.866	-6.48	56.8585	-6.4595	TRUE	NA	2016	3	2
S20160003	125	S20160003/125	020316	42E2	1030	1100	30	155	56.689	-7.073	56.672	-7.114	56.6805	-7.0935	TRUE	NA	2016	3	2
S20160003	126	S20160003/126	030316	38E1	0718	0738	20	75	54.872	-8.976	54.889	-8.985	54.8805	-8.9805	FALSE	NA	2016	3	3
S20160003	127	S20160003/127	030316	38E1	1016	1046	30	90	54.656	-8.998	54.632	-8.965	54.644	-8.9815	TRUE	NA	2016	3	3
S20160003	128	S20160003/128	030316	38E0	1241	1311	30	92	54.555	-9.32	54.537	-9.36	54.546	-9.34	TRUE	NA	2016	3	3
S20160003	129	S20160003/129	030316	38E0	1531	1551	20	100	54.759	-9.632	54.778	-9.63	54.7685	-9.631	TRUE	NA	2016	3	3
S20160003	130	S20160003/130	030316	38E0	1752	1811	19	108	54.853	-9.905	54.841	-9.93	54.847	-9.9175	TRUE	NA	2016	3	3
S20160003	131	S20160003/131	040316	39E0	0719	0749	30	110	55.307	-9.396	55.32	-9.35	55.3135	-9.373	TRUE	NA	2016	3	4
S20160003	132	S20160003/132	040316	39E0	0913	0943	30	100	55.332	-9.105	55.353	-9.08	55.3425	-9.0925	TRUE	NA	2016	3	4
S20160003	133	S20160003/133	040316	40E1	1405	1422	17	87	55.552	-8.281	55.563	-8.26	55.5575	-8.2705	TRUE	NA	2016	3	4
S20160003	134	S20160003/134	040316	40E2	1708	1738	30	85	55.673	-7.818	55.691	-7.855	55.682	-7.8365	TRUE	NA	2016	3	4
S20160003	135	S20160003/135	050316	41E2	0657	0727	30	84	56.28	-7.128	56.267	-7.175	56.2735	-7.1515	TRUE	NA	2016	3	5
S20160003	136	S20160003/136	050316	41E2	0845	0901	16	130	56.252	-7.499	56.262	-7.52	56.257	-7.5095	TRUE	NA	2016	3	5
S20160004	137	S20160004/137	090416	44D6	0622	0722	60	290	57.95	-13.085	57.899	-13.033	57.9245	-13.059	TRUE	NA	2016	4	9
S20160004	138	S20160004/138	090416	44D6	0944	1044	60	160	57.668	-13.373	57.61	-13.392	57.639	-13.3825	TRUE	NA	2016	4	9
S20160004	139	S20160004/139	090416	43D6	1225	1325	60	160	57.415	-13.594	57.363	-13.645	57.389	-13.6195	TRUE	NA	2016	4	9
S20160004	140	S20160004/140	090416	43D6	1523	1623	60	220	57.412	-13.251	57.355	-13.271	57.3835	-13.261	TRUE	NA	2016	4	9
S20160004	141	S20160004/141	090416	42D6	1858	1950	52	800	57.02	-13.276	56.982	-13.338	57.001	-13.307	TRUE	NA	2016	4	9
S20160004	142	S20160004/142	090416	42D6	2209	2309	60	840	56.767	-13.632	56.725	-13.703	56.746	-13.6675	TRUE	NA	2016	4	9
S20160004	143	S20160004/143	100416	42D6	0109	0209	60	220	56.922	-13.719	56.968	-13.635	56.945	-13.677	TRUE	NA	2016	4	10
S20160004	144	S20160004/144	100416	42D5	0411	0511	60	180	56.978	-14.084	57.02	-14.008	56.999	-14.046	TRUE	NA	2016	4	10
S20160004	145	S20160004/145	100416	43D6	0709	0809	60	195	57.109	-13.575	57.155	-13.508	57.132	-13.5415	TRUE	NA	2016	4	10
S20160004	146	S20160004/146	100416	43D5	1116	1216	60	180	57.336	-14.218	57.393	-14.231	57.3645	-14.2245	TRUE	NA	2016	4	10
S20160004	147	S20160004/147	100416	44D6	1523	1623	60	150	57.783	-13.918	57.839	-13.891	57.811	-13.9045	TRUE	NA	2016	4	10
S20160004	148	S20160004/148	100416	45D5	2009	2050	41	485	58.052	-14.577	58.083	-14.54	58.0675	-14.5585	TRUE	NA	2016	4	10
S20160004	149	S20160004/149	100416	45D5	2258	2358	60	590	58.218	-14.973	58.275	-14.955	58.2465	-14.964	TRUE	NA	2016	4	10
S20160004	150	S20160004/150	110416	45D4	0208	0308	60	750	58.319	-15.338	58.35	-15.252	58.3345	-15.295	TRUE	NA	2016	4	11
S20160004	151	S20160004/151	110416	44D4	0818	0918	60	730	57.845	-15.223	57.797	-15.173	57.821	-15.198	TRUE	NA	2016	4	11
S20160004	152	S20160004/152	110416	43D5	1217	1310	53	375	57.501	-14.784	57.45	-14.808	57.4755	-14.796	TRUE	NA	2016	4	11
S20160004	153	S20160004/153	110416	42D5	1621	1721	60	260	56.959	-14.938	56.903	-14.973	56.931	-14.9555	TRUE	NA	2016	4	11
S20160004	154	S20160004/154	110416	42D4	1854	1954	60	360	56.813	-15.206	56.76	-15.244	56.7865	-15.225	TRUE	NA	2016	4	11
S20160004	155	S20160004/155	110416	42D3	2336	0018	42	700	56.692	-16.157	56.692	-16.231	56.692	-16.194	TRUE	NA	2016	4	11
S20160004	156	S20160004/156	120416	41D3	0412	0512	60	480	56.249	-16.165	56.201	-16.223	56.225	-16.194	TRUE	NA	2016	4	12
S20160004	157	S20160004/157	120416	41D4	0854	0954	60	395	56.428	-15.623	56.476	-15.579	56.452	-15.601	TRUE	NA	2016	4	12
S20160004	158	S20160004/158	120416	42D4	1259	1359	60	210	56.562	-15.059	56.599	-14.985	56.5805	-15.022	TRUE	NA	2016	4	12
S20160004	159	S20160004/159	120416	42D5	1648	1748	60	175	56.822	-14.608	56.855	-14.524	56.8385	-14.566	TRUE	NA	2016	4	12
S20160004	160	S20160004/160	120416	42D5	1927	2027	60	196	56.742	-14.251	56.687	-14.283	56.7145	-14.267	TRUE	NA	2016	4	12
S20160004	161	S20160004/161	120416	41D5	2220	2320	60	270	56.498	-14.366	56.448	-14.424	56.473	-14.395	TRUE	NA	2016	4	12
S20160004	162	S20160004/162	130416	41D5	0137	0237	60	225	56.28	-14.918	56.225	-14.955	56.2525	-14.9365	TRUE	NA	2016	4	13
S20160004	163	S20160004/163	130416	41D4	0431	0531	60	270	56.02	-15.182	55.985	-15.265	56.0025	-15.2235	TRUE	NA	2016	4	13
S20160004	164	S20160004/164	130416	40D4	0721	0821	60	380	55.857	-15.288	55.893	-15.212	55.875	-15.25	TRUE	NA	2016	4	13
S20160004	165	S20160004/165	130416	41D5	1035	1135	60	350	55.98	-14.911	56.025	-14.857	56.0025	-14.884	TRUE	NA	2016	4	13
S20160004	166	S20160004/166	130416	41D5	1447	1450	3	630	56.065	-14.638	56.066	-14.637	56.0655	-14.6375	FALSE	NA	2016	4	13
S20160004	167	S20160004/167	140416	37D8	0703	0803	60	480	54.493	-11.012	54.436	-11.02	54.4645	-11.016	TRUE	NA	2016	4	14
S20160004	168	S20160004/168	140416	38E0	1249	1349	60	100	54.751	-9.835	54.798	-9.773	54.7745	-9.804	TRUE	NA	2016	4	14
S20160004	169	S20160004/169	140416	40E0	1905	2005	60	230	55.639	-9.341	55.696	-9.329	55.6675	-9.335	TRUE	NA	2016	4	14
S20160004	170	S20160004/170	140416	40E0	2148	2248	60	675	55.739	-9.443	55.788	-9.408	55.7635	-9.4255	TRUE	NA	2016	4	14
S20160004	171	S20160004/171	150416	39E1	0312	0410	58	90	55.177	-8.831	55.152	-8.742	55.1645	-8.7865	TRUE	NA	2016	4	15
S20160004	172	S20160004/172	150416	40E1	0708	0809	61	80	55.536	-8.178	55.522	-8.082	55.529	-8.13	TRUE	NA	2016	4	15
S20160004	173	S20160004/173	150416	40E2	1030	1035	5	72	55.578	-7.5	55.574	-7.494	55.576	-7.497	FALSE	NA	2016	4	15
S20160004	174	S20160004/174	150416	40E2	1453	1524	31	66	55.888	-7.184	55.913	-7.152	55.9005	-7.168	TRUE	NA	2016	4	15
S20160004	175	S20160004/175	150416	41E2	1832	1932	60	96	56.238	-7.231	56.21	-7.322	56.224	-7.2765	TRUE	NA	2016	4	15
S20160004	176	S20160004/176	150416	41E1	2331	0031	60	150	56.252	-8.363	56.306	-8.326	56.279	-8.3445	TRUE	NA	2016	4	15
S20160004	177	S20160004/177	160416	42E1	0539	0639	60	140	56.968	-8.499	56.97	-8.611	56.969	-8.555	TRUE	NA	2016	4	16
S20160004	178	S20160004/178	160416	43E0	0929	1029	60	290	57.127	-9.263	57.185	-9.291	57.156	-9.277	TRUE	NA	2016	4	16
S20160004	179	S20160004/179	160416	44E0	1413	1513	60	800	57.661	-9.676	57.721	-9.688	57.691	-9.682	TRUE	NA	2016	4	16
S20160004	180	S20160004/180	160416	44E1	1927	2027	60	160	57.525	-8.579	57.569	-8.65	57.547	-8.6145	TRUE	NA	2016	4	16
S20160004	181	S20160004/181	160416	45E1	2332	0032	60	150	58.017	-8.777	58.064	-8.704	58.0405	-8.7405	TRUE	NA	2016	4	16
S20160004	182	S20160004/182	170416	45E1	0233	0333	60	260	58.203	-9.013	58.242	-8.93	58.2225	-8.9715	TRUE	NA	2016	4	17
S20160004	183	S20160004/183	170416	46E1	0607	0707	60	540	58.599	-8.641	58.628	-8.545	58.6135	-8.593	TRUE	NA	2016	4	17
S20160004	186	S20160004/186	170416	49E1	0905	1005	60	760	60.004	-8.039	60.003	-8.126	60.0035	-8.0825	TRUE	NA	2016	4	17
S20160004	184	S20160004/184	170416	46E2	0916	1016	60	230	58.598	-7.999	58.633	-7.909	58.6155	-7.954	TRUE	NA	2016	4	17
S20160004	185	S20160004/185	170416	48E1	1907	2007	60	920	59.719	-8.218	59.769	-8.274	59.744	-8.246	TRUE	NA	2016	4	17
S20160004	187	S20160004/187	180416	48E2	1733	1803	30	595	59.904	-7.694	59.921	-7.726	59.9125	-7.71	TRUE	NA	2016	4	18
S20160009	197	S20160009/197	270616	46E2	0918	0935	17	124	58.664	-7.646	58.686	-7.715	58.675	-7.6805	FALSE	NA	2016	6	27
S20160009	198	S20160009/198	270616	46E4	1944	2025	41	94	58.872	-5.711	58.85	-5.794	58.861	-5.7525	TRUE	NA	2016	6	27
S20160009	199	S20160009/199	280616	46E6	0703	0741	38	84	58.867	-3.987	58.871	-4.115	58.869	-4.051	TRUE	NA	2016	6	28
S20160009	200	S20160009/200	280616	47E5	1312	1342	30	108	59.122	-4.704	59.118	-4.611	59.12	-4.6575	TRUE	NA	2016	6	28
S20160009	201	S20160009/201	290616	47E5	1243	1353	70	93	59.371	-4.556	59.371	-4.54	59.371	-4.548	TRUE	NA	2016	6	29
S20160009	202	S20160009/202	290616	47E5	1617	1637	20	95	59.352	-4.193	59.376	-4.19	59.364	-4.1915	TRUE	NA	2016	6	29
S20160009	203	S20160009/203	300616	48E5	0454	0603	69	112	59.742	-4.221	59.734	-4.214	59.738	-4.2175	TRUE	NA	2016	6	30
S20160009	204	S20160009/204	010716	49E5	0325	0404	39	150	60.118	-4.163	60.117	-4.209	60.1175	-4.186	TRUE	NA	2016	7	1
S20160009	205	S20160009/205	010716	48E6	1301	1329	28	106	59.916	-3.304	59.916	-3.366	59.916	-3.335	TRUE	NA	2016	7	1
S20160009	206	S20160009/206	010716	48E6	1943	2033	50	89	59.59	-3.245	59.543	-3.327	59.5665	-3.286	TRUE	NA	2016	7	1
S20160009	207	S20160009/207	020716	48E7	0955	1100	65	106	59.742	-2.364	59.75	-2.53	59.746	-2.447	TRUE	NA	2016	7	2
S20160009	208	S20160009/208	020716	47E8	1550	1647	57	85	59.227	-1.906	59.222	-2.031	59.2245	-1.9685	TRUE	NA	2016	7	2
S20160009	209	S20160009/209	030716	46E8	1700	1753	53	123	58.966	-1.163	58.896	-1.131	58.931	-1.147	TRUE	NA	2016	7	3
S20160009	210	S20160009/210	060716	47F1	1008	1048	40	108	59.345	1.37	59.346	1.322	59.3455	1.346	TRUE	NA	2016	7	6
S20160009	211	S20160009/211	060716	47F1	1625	1711	46	117	59.082	1.97	59.13	2.022	59.106	1.996	TRUE	NA	2016	7	6
S20160009	212	S20160009/212	070716	47E9	0513	0556	43	141	59.098	-0.332	59.083	-0.414	59.0905	-0.373	TRUE	NA	2016	7	7
S20160009	213	S20160009/213	070716	47E9	0838	0854	16	141	59.098	-0.83	59.099	-0.791	59.0985	-0.8105	TRUE	NA	2016	7	7
S20160009	214	S20160009/214	070716	47E8	1144	1235	51	114	59.096	-1.183	59.098	-1.063	59.097	-1.123	TRUE	NA	2016	7	7
S20160009	215	S20160009/215	070716	47E7	1612	1655	43	73	59.098	-2.034	59.1	-1.934	59.099	-1.984	TRUE	NA	2016	7	7
S20160009	216	S20160009/216	080716	46E9	0658	0725	27	122	58.851	-0.98	58.845	-1.048	58.848	-1.014	TRUE	NA	2016	7	8
S20160009	217	S20160009/217	080716	46E9	1012	1038	26	144	58.85	-0.484	58.849	-0.549	58.8495	-0.5165	TRUE	NA	2016	7	8
S20160009	218	S20160009/218	100716	46E7	1215	1250	35	74	58.724	-2.335	58.727	-2.406	58.7255	-2.3705	TRUE	NA	2016	7	10
S20160009	219	S20160009/219	100716	46E9	1850	1904	14	127	58.722	-0.832	58.723	-0.866	58.7225	-0.849	TRUE	NA	2016	7	10
S20160009	220	S20160009/220	110716	46F0	0802	0830	28	140	58.725	0.8	58.725	0.725	58.725	0.7625	TRUE	NA	2016	7	11
S20160009	221	S20160009/221	110716	46F1	1120	1158	38	115	58.659	1.013	58.615	1.018	58.637	1.0155	TRUE	NA	2016	7	11
S20160009	222	S20160009/222	110716	45F0	1444	1451	7	148	58.473	0.811	58.473	0.828	58.473	0.8195	TRUE	NA	2016	7	11
S20160009	223	S20160009/223	120716	45E9	0429	0503	34	97	58.474	-0.924	58.473	-0.843	58.4735	-0.8835	TRUE	NA	2016	7	12
S20160009	224	S20160009/224	120716	45E8	0936	1014	38	106	58.475	-1.723	58.474	-1.638	58.4745	-1.6805	TRUE	NA	2016	7	12
S20160009	225	S20160009/225	120716	46E8	1349	1413	24	111	58.597	-1.697	58.597	-1.746	58.597	-1.7215	TRUE	NA	2016	7	12
S20160009	226	S20160009/226	120716	46E9	1923	1951	28	129	58.6	-0.673	58.599	-0.61	58.5995	-0.6415	TRUE	NA	2016	7	12
S20160011	227	S20160011/227	050816	44E8	0921	0952	31	110	57.527	-1.301	57.537	-1.249	57.532	-1.275	TRUE	NA	2016	8	5
S20160011	228	S20160011/228	050816	44E8	1229	1244	15	100	57.831	-1.126	57.835	-1.151	57.833	-1.1385	TRUE	NA	2016	8	5
S20160011	229	S20160011/229	050816	45E8	1501	1516	15	120	58.084	-1.133	58.099	-1.136	58.0915	-1.1345	TRUE	NA	2016	8	5
S20160011	230	S20160011/230	050816	45E9	1650	1705	15	116	58.079	-0.982	58.064	-0.987	58.0715	-0.9845	TRUE	NA	2016	8	5
S20160011	231	S20160011/231	050816	44E9	1840	1855	15	102	57.962	-0.777	57.949	-0.788	57.9555	-0.7825	TRUE	NA	2016	8	5
S20160011	232	S20160011/232	060816	45E7	0340	0355	15	60	58.211	-2.489	58.206	-2.516	58.2085	-2.5025	TRUE	NA	2016	8	6
S20160011	233	S20160011/233	060816	46E8	0807	0837	30	120	58.592	-1.357	58.622	-1.357	58.607	-1.357	TRUE	NA	2016	8	6
S20160011	234	S20160011/234	060816	46E8	1038	1053	15	118	58.887	-1.348	58.896	-1.327	58.8915	-1.3375	TRUE	NA	2016	8	6
S20160011	235	S20160011/235	060816	46E9	1315	1331	16	130	58.74	-0.759	58.729	-0.74	58.7345	-0.7495	TRUE	NA	2016	8	6
S20160011	236	S20160011/236	060816	46E9	1538	1553	15	130	58.615	-0.232	58.614	-0.204	58.6145	-0.218	TRUE	NA	2016	8	6
S20160011	237	S20160011/237	070816	44E7	0340	0411	31	70	57.869	-2.579	57.838	-2.579	57.8535	-2.579	TRUE	NA	2016	8	7
S20160011	238	S20160011/238	070816	44E6	0605	0635	30	84	57.867	-3.048	57.867	-3.104	57.867	-3.076	TRUE	NA	2016	8	7
S20160011	239	S20160011/239	070816	45E6	0838	0908	30	60	58.147	-3.121	58.168	-3.084	58.1575	-3.1025	TRUE	NA	2016	8	7
S20160011	240	S20160011/240	070816	46E7	1221	1251	30	72	58.527	-2.423	58.547	-2.455	58.537	-2.439	FALSE	NA	2016	8	7
S20160011	241	S20160011/241	070816	46E7	1433	1448	15	78	58.754	-2.426	58.77	-2.424	58.762	-2.425	TRUE	NA	2016	8	7
S20160011	242	S20160011/242	070816	46E7	1622	1652	30	86	58.926	-2.266	58.956	-2.27	58.941	-2.268	TRUE	NA	2016	8	7
S20160011	243	S20160011/243	070816	47E7	1851	1906	15	78	59.199	-2.229	59.211	-2.216	59.205	-2.2225	TRUE	NA	2016	8	7
S20160011	244	S20160011/244	080816	48E9	0355	0425	30	140	59.77	-0.465	59.786	-0.512	59.778	-0.4885	TRUE	NA	2016	8	8
S20160011	245	S20160011/245	080816	48F0	0719	0734	15	120	59.72	0.341	59.729	0.32	59.7245	0.3305	TRUE	NA	2016	8	8
S20160011	246	S20160011/246	090816	50E9	0638	0653	15	140	60.539	-0.601	60.554	-0.603	60.5465	-0.602	TRUE	NA	2016	8	9
S20160011	247	S20160011/247	090816	50E9	0909	0939	30	110	60.777	-0.614	60.804	-0.619	60.7905	-0.6165	TRUE	NA	2016	8	9
S20160011	248	S20160011/248	090816	50F0	1450	1505	15	150	60.675	0.832	60.686	0.812	60.6805	0.822	TRUE	NA	2016	8	9
S20160011	249	S20160011/249	090816	50F1	1815	1845	30	127	60.567	1.61	60.593	1.587	60.58	1.5985	TRUE	NA	2016	8	9
S20160011	250	S20160011/250	090816	50F2	2052	2107	15	128	60.546	2.024	60.559	2.014	60.5525	2.019	TRUE	NA	2016	8	9
S20160011	251	S20160011/251	100816	48F3	0349	0419	30	150	59.7	3.185	59.67	3.194	59.685	3.1895	TRUE	NA	2016	8	10
S20160011	252	S20160011/252	100816	48F2	0722	0737	15	120	59.721	2.401	59.735	2.395	59.728	2.398	TRUE	NA	2016	8	10
S20160011	253	S20160011/253	100816	48F1	1058	1128	30	118	59.711	1.472	59.701	1.417	59.706	1.4445	TRUE	NA	2016	8	10
S20160011	254	S20160011/254	100816	46F1	1656	1726	30	110	58.82	1.144	58.79	1.148	58.805	1.146	TRUE	NA	2016	8	10
S20160011	255	S20160011/255	100816	46F0	1907	1922	15	124	58.824	0.85	58.811	0.835	58.8175	0.8425	TRUE	NA	2016	8	10
S20160011	256	S20160011/256	110816	47E8	0334	0349	15	98	59.389	-1.43	59.401	-1.417	59.395	-1.4235	TRUE	NA	2016	8	11
S20160011	257	S20160011/257	110816	48E8	0536	0551	15	100	59.667	-1.246	59.681	-1.251	59.674	-1.2485	TRUE	NA	2016	8	11
S20160011	258	S20160011/258	110816	48E8	0814	0844	30	115	59.985	-1.569	59.995	-1.622	59.99	-1.5955	TRUE	NA	2016	8	11
S20160011	259	S20160011/259	110816	49E8	1000	1030	30	82	60.144	-1.725	60.173	-1.74	60.1585	-1.7325	TRUE	NA	2016	8	11
S20160011	260	S20160011/260	110816	49E7	1239	1254	15	130	60.386	-2.181	60.393	-2.206	60.3895	-2.1935	TRUE	NA	2016	8	11
S20160011	261	S20160011/261	110816	49E7	1425	1455	30	120	60.24	-2.245	60.217	-2.276	60.2285	-2.2605	TRUE	NA	2016	8	11
S20160011	262	S20160011/262	110816	48E7	1703	1733	30	98	59.946	-2.416	59.917	-2.417	59.9315	-2.4165	TRUE	NA	2016	8	11
S20160011	263	S20160011/263	110816	48E7	1907	1922	15	108	59.799	-2.102	59.796	-2.073	59.7975	-2.0875	TRUE	NA	2016	8	11
S20160011	264	S20160011/264	120816	51E8	0422	0437	15	185	61.168	-1.493	61.162	-1.523	61.165	-1.508	TRUE	NA	2016	8	12
S20160011	265	S20160011/265	120816	50E8	0608	0638	30	135	60.958	-1.577	60.929	-1.586	60.9435	-1.5815	TRUE	NA	2016	8	12
S20160011	266	S20160011/266	120816	50E8	0809	0824	15	137	60.916	-1.873	60.904	-1.888	60.91	-1.8805	TRUE	NA	2016	8	12
S20160011	267	S20160011/267	120816	50E7	1009	1039	30	130	60.783	-2.169	60.758	-2.205	60.7705	-2.187	TRUE	NA	2016	8	12
S20160011	268	S20160011/268	120816	50E7	1223	1238	15	154	60.566	-2.266	60.552	-2.261	60.559	-2.2635	TRUE	NA	2016	8	12
S20160011	269	S20160011/269	120816	49E6	1615	1645	30	170	60.314	-3.053	60.29	-3.086	60.302	-3.0695	TRUE	NA	2016	8	12
S20160011	270	S20160011/270	120816	49E6	1906	1921	15	184	60.041	-3.304	60.029	-3.323	60.035	-3.3135	TRUE	NA	2016	8	12
S20160011	271	S20160011/271	130816	48E6	0342	0357	15	150	59.934	-3.93	59.919	-3.932	59.9265	-3.931	TRUE	NA	2016	8	13
S20160011	272	S20160011/272	130816	48E6	0616	0646	30	160	59.571	-3.822	59.541	-3.821	59.556	-3.8215	TRUE	NA	2016	8	13
S20160011	273	S20160011/273	130816	47E6	0844	0859	15	150	59.362	-3.748	59.358	-3.721	59.36	-3.7345	TRUE	NA	2016	8	13
S20160011	274	S20160011/274	130816	47E6	1037	1107	30	96	59.232	-3.496	59.204	-3.51	59.218	-3.503	TRUE	NA	2016	8	13
S20160011	275	S20160011/275	130816	46E6	1448	1518	30	100	58.846	-3.789	58.873	-3.812	58.8595	-3.8005	TRUE	NA	2016	8	13
S20160011	276	S20160011/276	130816	46E6	1727	1742	15	58	58.616	-3.796	58.612	-3.824	58.614	-3.81	TRUE	NA	2016	8	13
S20160011	277	S20160011/277	140816	43E8	0547	0602	15	80	57.258	-1.141	57.272	-1.146	57.265	-1.1435	TRUE	NA	2016	8	14
S20160011	278	S20160011/278	140816	43E9	0812	0827	15	67	57.327	-0.643	57.314	-0.629	57.3205	-0.636	TRUE	NA	2016	8	14
S20160011	279	S20160011/279	140816	42E9	1210	1225	15	79	56.782	-0.243	56.788	-0.22	56.785	-0.2315	TRUE	NA	2016	8	14
S20160011	280	S20160011/280	140816	42F0	1424	1439	15	80	56.617	0.084	56.631	0.078	56.624	0.081	TRUE	NA	2016	8	14
S20160011	281	S20160011/281	140816	43F0	1424	1439	15	68	57.155	0.223	57.169	0.215	57.162	0.219	TRUE	NA	2016	8	14
S20160011	282	S20160011/282	150816	44F2	0337	0352	15	83	57.637	2.185	57.627	2.204	57.632	2.1945	TRUE	NA	2016	8	15
S20160011	283	S20160011/283	150816	42F2	0909	0924	15	85	56.75	2.151	56.742	2.129	56.746	2.14	TRUE	NA	2016	8	15
S20160011	284	S20160011/284	150816	42F1	1238	1253	15	88	56.569	1.265	56.558	1.247	56.5635	1.256	TRUE	NA	2016	8	15
S20160011	285	S20160011/285	150816	41F1	1450	1520	30	84	56.305	1.355	56.282	1.382	56.2935	1.3685	TRUE	NA	2016	8	15
S20160011	286	S20160011/286	150816	41F0	1733	1748	15	90	56.232	0.882	56.232	0.855	56.232	0.8685	TRUE	NA	2016	8	15
S20160011	287	S20160011/287	170816	43E8	1036	1051	15	90	57.054	-1.822	57.042	-1.807	57.048	-1.8145	TRUE	NA	2016	8	17
S20160011	288	S20160011/288	170816	42E8	1328	1343	15	60	56.64	-1.613	56.625	-1.613	56.6325	-1.613	TRUE	NA	2016	8	17
S20160011	289	S20160011/289	170816	42E7	1615	1645	30	65	56.635	-2.23	56.618	-2.27	56.6265	-2.25	TRUE	NA	2016	8	17
S20160011	290	S20160011/290	170816	41E7	1915	1945	30	52	56.312	-2.139	56.284	-2.158	56.298	-2.1485	TRUE	NA	2016	8	17
S20160011	291	S20160011/291	180816	41E8	0419	0434	15	62	56.216	-1.435	56.221	-1.41	56.2185	-1.4225	TRUE	NA	2016	8	18
S20160011	292	S20160011/292	180816	41E9	0732	0802	30	69	56.048	-0.629	56.024	-0.652	56.036	-0.6405	TRUE	NA	2016	8	18
S20160011	293	S20160011/293	180816	40E9	1046	1101	15	80	55.765	-0.211	55.751	-0.202	55.758	-0.2065	TRUE	NA	2016	8	18
S20160011	294	S20160011/294	180816	40F0	1303	1318	15	75	55.757	0.211	55.746	0.193	55.7515	0.202	TRUE	NA	2016	8	18
S20160011	295	S20160011/295	180816	39F0	1630	1645	15	76	55.344	0.621	55.341	0.596	55.3425	0.6085	TRUE	NA	2016	8	18
S20160011	296	S20160011/296	180816	40F1	1923	1938	15	75	55.551	1.189	55.564	1.199	55.5575	1.194	TRUE	NA	2016	8	18
S20160011	297	S20160011/297	190816	41F3	0457	0527	30	65	56.296	3.642	56.323	3.629	56.3095	3.6355	TRUE	NA	2016	8	19
S20160011	298	S20160011/298	190816	42F3	0756	0811	15	57	56.724	3.635	56.734	3.654	56.729	3.6445	TRUE	NA	2016	8	19
S20160011	299	S20160011/299	190816	42F4	1006	1021	15	50	56.723	4.117	56.731	4.138	56.727	4.1275	TRUE	NA	2016	8	19
S20160011	300	S20160011/300	190816	43F4	1312	1327	15	61	57.133	4.394	57.14	4.416	57.1365	4.405	TRUE	NA	2016	8	19
S20160011	301	S20160011/301	190816	43F5	1626	1641	15	57	57.299	5.122	57.289	5.141	57.294	5.1315	TRUE	NA	2016	8	19
S20160011	302	S20160011/302	200816	41F2	0420	0436	16	80	56.135	2.312	56.124	2.328	56.1295	2.32	TRUE	NA	2016	8	20
S20160011	303	S20160011/303	200816	40F2	0729	0744	15	80	55.681	2.245	55.673	2.226	55.677	2.2355	TRUE	NA	2016	8	20
S20160011	304	S20160011/304	200816	39F2	1109	1124	15	32	55.206	2.13	55.192	2.124	55.199	2.127	TRUE	NA	2016	8	20
S20160011	305	S20160011/305	200816	38F2	1458	1513	15	25	54.824	2.573	54.81	2.575	54.817	2.574	TRUE	NA	2016	8	20
S20160011	306	S20160011/306	200816	38F2	1645	1700	15	23	54.781	2.274	54.767	2.276	54.774	2.275	TRUE	NA	2016	8	20
S20160011	307	S20160011/307	200816	38F1	1844	1859	15	33	54.734	1.957	54.72	1.956	54.727	1.9565	TRUE	NA	2016	8	20
S20160011	308	S20160011/308	210816	37F2	0429	0459	30	38	54.353	2.033	54.336	1.992	54.3445	2.0125	TRUE	NA	2016	8	21
S20160011	309	S20160011/309	210816	37F1	0810	0825	15	63	54.395	1.191	54.403	1.17	54.399	1.1805	TRUE	NA	2016	8	21
S20160011	310	S20160011/310	210816	37F0	1021	1051	30	64	54.368	0.699	54.381	0.652	54.3745	0.6755	TRUE	NA	2016	8	21
S20160011	311	S20160011/311	210816	38F1	1305	1320	15	49	54.612	1.03	54.627	1.024	54.6195	1.027	TRUE	NA	2016	8	21
S20160011	312	S20160011/312	210816	38F0	1523	1538	15	64	54.913	0.836	54.927	0.837	54.92	0.8365	TRUE	NA	2016	8	21
S20160011	313	S20160011/313	210816	39F1	1836	1906	30	69	55.225	1.293	55.243	1.251	55.234	1.272	TRUE	NA	2016	8	21
S20160011	314	S20160011/314	220816	38F0	0428	0443	15	80	54.802	0.404	54.803	0.379	54.8025	0.3915	TRUE	NA	2016	8	22
S20160011	315	S20160011/315	220816	38E9	0703	0718	15	64	54.563	-0.104	54.563	-0.128	54.563	-0.116	TRUE	NA	2016	8	22
S20160011	316	S20160011/316	220816	38E9	0927	0942	15	77	54.831	-0.225	54.832	-0.248	54.8315	-0.2365	TRUE	NA	2016	8	22
S20160011	317	S20160011/317	220816	39E9	1134	1204	30	78	55.052	-0.114	55.052	-0.164	55.052	-0.139	TRUE	NA	2016	8	22
S20160011	318	S20160011/318	220816	39E9	1425	1440	15	76	55.224	-0.72	55.239	-0.72	55.2315	-0.72	TRUE	NA	2016	8	22
S20160011	319	S20160011/319	220816	39E8	1701	1731	30	72	55.327	-1.219	55.356	-1.219	55.3415	-1.219	TRUE	NA	2016	8	22
S20160011	320	S20160011/320	230816	39E8	0419	0434	15	72	55.469	-1.39	55.483	-1.389	55.476	-1.3895	TRUE	NA	2016	8	23
S20160011	321	S20160011/321	230816	40E8	0707	0737	30	88	55.832	-1.573	55.858	-1.597	55.845	-1.585	TRUE	NA	2016	8	23
S20160011	322	S20160011/322	230816	41E7	0959	1014	15	60	56.083	-2.06	56.084	-2.087	56.0835	-2.0735	TRUE	NA	2016	8	23
S20160011	323	S20160011/323	230816	42E7	1418	1433	15	49	56.73	-2.246	56.744	-2.249	56.737	-2.2475	TRUE	NA	2016	8	23
S20160011	324	S20160011/324	230816	42E8	1705	1720	15	60	56.627	-1.612	56.642	-1.613	56.6345	-1.6125	TRUE	NA	2016	8	23
S20160011	325	S20160011/325	240816	42E9	0541	0556	15	72	56.961	-0.921	56.975	-0.921	56.968	-0.921	TRUE	NA	2016	8	24
S20160011	326	S20160011/326	240816	43E9	0759	0814	15	78	57.259	-0.796	57.27	-0.781	57.2645	-0.7885	TRUE	NA	2016	8	24
S20160012	327	S20160012/327	300816	44D6	0607	0637	30	270	57.94	-13.094	57.913	-13.071	57.9265	-13.0825	TRUE	NA	2016	8	30
S20160012	328	S20160012/328	300816	45D6	0852	0922	30	255	58.043	-13.283	58.048	-13.339	58.0455	-13.311	TRUE	NA	2016	8	30
S20160012	329	S20160012/329	300816	44D6	1151	1221	30	160	57.815	-13.517	57.799	-13.47	57.807	-13.4935	TRUE	NA	2016	8	30
S20160012	330	S20160012/330	300816	44D6	1423	1453	30	175	57.705	-13.305	57.675	-13.302	57.69	-13.3035	TRUE	NA	2016	8	30
S20160012	331	S20160012/331	300816	44D6	1712	1742	30	230	57.664	-13.145	57.636	-13.154	57.65	-13.1495	TRUE	NA	2016	8	30
S20160012	332	S20160012/332	300816	44D6	1945	2002	17	122	57.608	-13.532	57.592	-13.539	57.6	-13.5355	TRUE	NA	2016	8	30
S20160012	333	S20160012/333	310816	45D5	0557	0617	20	340	58.077	-14.261	58.063	-14.284	58.07	-14.2725	TRUE	NA	2016	8	31
S20160012	334	S20160012/334	310816	44D5	0846	0902	16	166	57.768	-14.06	57.757	-14.082	57.7625	-14.071	TRUE	NA	2016	8	31
S20160012	335	S20160012/335	310816	44D6	1044	1114	30	142	57.713	-13.742	57.69	-13.781	57.7015	-13.7615	TRUE	NA	2016	8	31
S20160012	336	S20160012/336	310816	44D6	1225	1255	30	145	57.624	-13.924	57.594	-13.937	57.609	-13.9305	TRUE	NA	2016	8	31
S20160012	337	S20160012/337	310816	44D5	1510	1540	30	166	57.64	-14.098	57.611	-14.112	57.6255	-14.105	TRUE	NA	2016	8	31
S20160012	338	S20160012/338	310816	43D5	1715	1746	31	168	57.508	-14.152	57.478	-14.168	57.493	-14.16	TRUE	NA	2016	8	31
S20160012	339	S20160012/339	010916	44D6	0543	0613	30	148	57.535	-13.552	57.528	-13.607	57.5315	-13.5795	TRUE	NA	2016	9	1
S20160012	340	S20160012/340	010916	43D6	0742	0802	20	147	57.45	-13.74	57.437	-13.768	57.4435	-13.754	TRUE	NA	2016	9	1
S20160012	341	S20160012/341	010916	43D6	1030	1050	20	164	57.417	-13.541	57.404	-13.569	57.4105	-13.555	TRUE	NA	2016	9	1
S20160012	342	S20160012/342	010916	43D6	1256	1326	30	170	57.267	-13.72	57.239	-13.724	57.253	-13.722	TRUE	NA	2016	9	1
S20160012	343	S20160012/343	010916	43D5	1530	1600	30	162	57.229	-14.066	57.215	-14.116	57.222	-14.091	TRUE	NA	2016	9	1
S20160012	344	S20160012/344	010916	43D5	1730	1800	30	174	57.353	-14.165	57.384	-14.159	57.3685	-14.162	TRUE	NA	2016	9	1
S20160012	345	S20160012/345	020916	43D5	0541	0611	30	176	57.274	-14.258	57.244	-14.267	57.259	-14.2625	TRUE	NA	2016	9	2
S20160012	346	S20160012/346	020916	43D5	0753	0823	30	175	57.127	-14.297	57.148	-14.254	57.1375	-14.2755	TRUE	NA	2016	9	2
S20160012	347	S20160012/347	020916	43D5	0955	1025	30	172	57.092	-14.02	57.078	-14.07	57.085	-14.045	TRUE	NA	2016	9	2
S20160012	348	S20160012/348	020916	43D5	1204	1234	30	174	57.03	-14.399	57.01	-14.443	57.02	-14.421	TRUE	NA	2016	9	2
S20160012	349	S20160012/349	020916	42D5	1355	1415	20	180	56.951	-14.259	56.947	-14.296	56.949	-14.2775	TRUE	NA	2016	9	2
S20160012	350	S20160012/350	020916	42D5	1619	1639	20	189	56.912	-14.635	56.901	-14.667	56.9065	-14.651	TRUE	NA	2016	9	2
S20160012	351	S20160012/351	020916	42D5	1839	1909	30	184	56.858	-14.516	56.836	-14.553	56.847	-14.5345	TRUE	NA	2016	9	2
S20160012	352	S20160012/352	030916	43D5	0542	0612	30	306	57.04	-14.954	57.009	-14.962	57.0245	-14.958	TRUE	NA	2016	9	3
S20160012	353	S20160012/353	030916	42D5	0732	0802	30	234	56.877	-14.908	56.845	-14.907	56.861	-14.9075	TRUE	NA	2016	9	3
S20160012	354	S20160012/354	030916	42D4	0958	1028	30	369	56.805	-15.228	56.778	-15.252	56.7915	-15.24	TRUE	NA	2016	9	3
S20160012	355	S20160012/355	030916	42D4	1304	1324	20	233	56.61	-15.026	56.604	-15.063	56.607	-15.0445	TRUE	NA	2016	9	3
S20160012	356	S20160012/356	030916	42D5	1448	1518	30	186	56.666	-14.87	56.682	-14.822	56.674	-14.846	TRUE	NA	2016	9	3
S20160012	357	S20160012/357	030916	42D5	1641	1711	30	192	56.563	-14.879	56.543	-14.922	56.553	-14.9005	TRUE	NA	2016	9	3
S20160012	358	S20160012/358	040916	42D4	0546	0616	30	283	56.533	-15.246	56.562	-15.224	56.5475	-15.235	TRUE	NA	2016	9	4
S20160012	359	S20160012/359	040916	41D4	0752	0809	17	218	56.414	-15.009	56.396	-15.009	56.405	-15.009	TRUE	NA	2016	9	4
S20160012	360	S20160012/360	040916	41D5	0958	1018	20	225	56.281	-14.915	56.262	-14.928	56.2715	-14.9215	TRUE	NA	2016	9	4
S20160012	361	S20160012/361	040916	41D4	1147	1217	30	242	56.148	-15.095	56.121	-15.117	56.1345	-15.106	TRUE	NA	2016	9	4
S20160012	362	S20160012/362	040916	40D4	1401	1431	30	292	55.971	-15.232	55.981	-15.179	55.976	-15.2055	TRUE	NA	2016	9	4
S20160012	363	S20160012/363	040916	40D4	1631	1701	30	383	55.848	-15.3	55.854	-15.246	55.851	-15.273	TRUE	NA	2016	9	4
S20160012	364	S20160012/364	050916	41D5	0553	0623	30	224	56.342	-14.682	56.321	-14.723	56.3315	-14.7025	TRUE	NA	2016	9	5
S20160012	365	S20160012/365	050916	42D5	0829	0859	30	200	56.558	-14.488	56.537	-14.529	56.5475	-14.5085	TRUE	NA	2016	9	5
S20160012	366	S20160012/366	050916	42D5	1059	1129	30	190	56.774	-14.462	56.746	-14.486	56.76	-14.474	TRUE	NA	2016	9	5
S20160012	367	S20160012/367	050916	42D5	1315	1345	30	230	56.63	-14.243	56.607	-14.281	56.6185	-14.262	TRUE	NA	2016	9	5
S20160012	368	S20160012/368	050916	42D5	1610	1640	30	194	56.787	-14.094	56.76	-14.12	56.7735	-14.107	TRUE	NA	2016	9	5
S20160012	369	S20160012/369	050916	42D5	1811	1841	30	185	56.897	-14.125	56.869	-14.142	56.883	-14.1335	TRUE	NA	2016	9	5
S20160012	370	S20160012/370	060916	43D6	0556	0626	30	182	57.054	-13.794	57.039	-13.842	57.0465	-13.818	TRUE	NA	2016	9	6
S20160012	371	S20160012/371	060916	43D6	0810	0840	30	166	57.19	-13.866	57.169	-13.906	57.1795	-13.886	TRUE	NA	2016	9	6
S20160012	372	S20160012/372	060916	43D6	1058	1128	30	218	57.129	-13.386	57.105	-13.418	57.117	-13.402	TRUE	NA	2016	9	6
S20160012	373	S20160012/373	060916	43D6	1315	1345	30	210	57.27	-13.397	57.24	-13.41	57.255	-13.4035	TRUE	NA	2016	9	6
S20160012	374	S20160012/374	060916	43D6	1530	1600	30	216	57.406	-13.302	57.374	-13.314	57.39	-13.308	TRUE	NA	2016	9	6
S20160012	375	S20160012/375	060916	43D6	1731	1801	30	300	57.34	-13.05	57.309	-13.066	57.3245	-13.058	TRUE	NA	2016	9	6
H20160004	1	H20160004/1	090416	47E6	1832	1932	60	104	59.034	-3.569	59.057	-3.482	59.0455	-3.5255	TRUE	NA	2016	4	9
H20160004	2	H20160004/2	090416	47E5	2356	0056	60	108	59.199	-4.259	59.188	-4.355	59.1935	-4.307	TRUE	NA	2016	4	9
H20160004	3	H20160004/3	100416	46E4	0940	1040	60	97	58.79	-5.392	58.761	-5.449	58.7755	-5.4205	TRUE	NA	2016	4	10
H20160004	4	H20160004/4	100416	46E4	1326	1426	60	135	58.555	-5.737	58.51	-5.799	58.5325	-5.768	TRUE	NA	2016	4	10
H20160004	5	H20160004/5	100416	45E2	2206	2306	60	91	58.218	-7.361	58.202	-7.443	58.21	-7.402	TRUE	NA	2016	4	10
H20160004	6	H20160004/6	110416	46E2	0230	0324	54	126	58.48	-7.587	58.519	-7.582	58.4995	-7.5845	TRUE	NA	2016	4	11
H20160004	7	H20160004/7	110416	47E2	1007	1107	60	278	59.033	-7.401	59.074	-7.34	59.0535	-7.3705	TRUE	NA	2016	4	11
H20160004	8	H20160004/8	110416	47E2	1325	1425	60	355	59.191	-7.088	59.206	-7.007	59.1985	-7.0475	TRUE	NA	2016	4	11
H20160004	9	H20160004/9	110416	47E3	1726	1826	60	139	59.13	-6.609	59.126	-6.519	59.128	-6.564	TRUE	NA	2016	4	11
H20160004	10	H20160004/10	110416	48E3	2306	0017	71	177	59.531	-6.253	59.571	-6.186	59.551	-6.2195	TRUE	NA	2016	4	11
H20160004	11	H20160004/11	120416	48E4	0821	0921	60	247	59.698	-5.901	59.701	-5.807	59.6995	-5.854	TRUE	NA	2016	4	12
H20160004	12	H20160004/12	120416	47E4	1234	1334	60	126	59.547	-5.307	59.498	-5.285	59.5225	-5.296	TRUE	NA	2016	4	12
H20160004	13	H20160004/13	120416	48E5	1750	1810	20	113	59.669	-4.688	59.683	-4.627	59.676	-4.6575	FALSE	NA	2016	4	12
H20160004	14	H20160004/14	120416	48E5	2122	2222	60	165	59.957	-4.845	59.98	-4.74	59.9685	-4.7925	TRUE	NA	2016	4	12
H20160004	15	H20160004/15	130416	48E5	0636	0736	60	161	60.04	-4.261	59.995	-4.206	60.0175	-4.2335	TRUE	NA	2016	4	13
H20160004	16	H20160004/16	130416	48E5	0923	1023	60	143	59.893	-4.106	59.849	-4.055	59.871	-4.0805	TRUE	NA	2016	4	13
H20160004	17	H20160004/17	130416	48E5	1156	1256	60	126	59.737	-4.082	59.684	-4.093	59.7105	-4.0875	TRUE	NA	2016	4	13
H20160004	18	H20160004/18	130416	47E5	1516	1616	60	102	59.495	-4.218	59.443	-4.25	59.469	-4.234	TRUE	NA	2016	4	13
H20160004	19	H20160004/19	130416	48E6	2208	2308	60	108	59.554	-3.177	59.592	-3.128	59.573	-3.1525	TRUE	NA	2016	4	13
H20160004	20	H20160004/20	140416	48E6	0722	0822	60	115	59.875	-3.657	59.867	-3.561	59.871	-3.609	TRUE	NA	2016	4	14
H20160004	21	H20160004/21	140416	48E6	0946	1046	60	141	59.876	-3.396	59.921	-3.35	59.8985	-3.373	TRUE	NA	2016	4	14
H20160004	22	H20160004/22	140416	49E6	1244	1344	60	185	60.055	-3.154	60.109	-3.114	60.082	-3.134	TRUE	NA	2016	4	14
H20160004	23	H20160004/23	140416	49E6	1536	1636	60	154	60.288	-3.115	60.314	-3.193	60.301	-3.154	TRUE	NA	2016	4	14
H20160004	24	H20160004/24	140416	49E6	1837	1937	60	221	60.419	-3.389	60.442	-3.308	60.4305	-3.3485	TRUE	NA	2016	4	14
H20160004	25	H20160004/25	150416	50E7	0538	0638	60	155	60.56	-2.223	60.603	-2.187	60.5815	-2.205	TRUE	NA	2016	4	15
H20160004	26	H20160004/26	150416	50E8	1020	1120	60	121	60.797	-1.744	60.84	-1.778	60.8185	-1.761	TRUE	NA	2016	4	15
H20160004	27	H20160004/27	150416	51E8	1410	1510	60	249	61.058	-1.853	61.094	-1.783	61.076	-1.818	TRUE	NA	2016	4	15
H20160004	28	H20160004/28	150416	51E8	1813	1913	60	247	61.233	-1.509	61.272	-1.452	61.2525	-1.4805	TRUE	NA	2016	4	15
H20160004	29	H20160004/29	160416	51E8	0529	0629	60	166	61.125	-1.248	61.099	-1.157	61.112	-1.2025	TRUE	NA	2016	4	16
H20160004	30	H20160004/30	160416	51E9	0803	0903	60	154	61.119	-0.969	61.134	-0.844	61.1265	-0.9065	TRUE	NA	2016	4	16
H20160004	31	H20160004/31	160416	50E8	1148	1248	60	108	60.884	-1.118	60.839	-1.167	60.8615	-1.1425	TRUE	NA	2016	4	16
H20160004	32	H20160004/32	160416	48E8	2035	2135	60	112	59.972	-1.746	59.921	-1.747	59.9465	-1.7465	TRUE	NA	2016	4	16
H20160004	33	H20160004/33	170416	48E7	0103	0203	60	90	59.632	-1.97	59.669	-2.016	59.6505	-1.993	TRUE	NA	2016	4	17
H20160005	1	H20160005/1	090416	44E8	1940	2040	60	95	57.663	-1.113	57.683	-1.01	57.673	-1.0615	TRUE	NA	2016	4	9
H20160005	2	H20160005/2	100416	44F0	0510	0610	60	125	57.716	0.138	57.766	0.192	57.741	0.165	TRUE	NA	2016	4	10
H20160005	3	H20160005/3	100416	45F0	0907	1007	60	132	58.085	0.005	58.115	0.087	58.1	0.046	TRUE	NA	2016	4	10
H20160005	4	H20160005/4	100416	45F0	1236	1259	23	145	58.405	0.109	58.423	0.135	58.414	0.122	FALSE	NA	2016	4	10
H20160005	5	H20160005/5	100416	46F0	1717	1817	60	136	58.765	0.835	58.8	0.92	58.7825	0.8775	TRUE	NA	2016	4	10
H20160005	6	H20160005/6	100416	47F0	2034	2134	60	131	59.039	0.866	59.062	0.973	59.0505	0.9195	TRUE	NA	2016	4	10
H20160005	7	H20160005/7	110416	45F1	0511	0611	60	83	58.306	1.923	58.252	1.931	58.279	1.927	TRUE	NA	2016	4	11
H20160005	8	H20160005/8	110416	45F3	1409	1509	60	122	58.272	3.887	58.275	3.995	58.2735	3.941	TRUE	NA	2016	4	11
H20160005	9	H20160005/9	110416	46F4	1823	1923	60	286	58.556	4.444	58.616	4.457	58.586	4.4505	TRUE	NA	2016	4	11
H20160005	10	H20160005/10	110416	46F4	2126	2141	15	246	58.794	4.46	58.807	4.461	58.8005	4.4605	FALSE	NA	2016	4	11
H20160005	11	H20160005/11	120416	47F4	0422	0522	60	280	59.391	4.224	59.411	4.121	59.401	4.1725	TRUE	NA	2016	4	12
H20160005	12	H20160005/12	120416	47F3	0809	0909	60	246	59.463	3.578	59.478	3.46	59.4705	3.519	TRUE	NA	2016	4	12
H20160005	13	H20160005/13	120416	49F2	1424	1524	60	116	59.967	2.562	60.025	2.519	59.996	2.5405	TRUE	NA	2016	4	12
H20160005	14	H20160005/14	120416	49F3	1943	2044	61	267	60.289	3.325	60.339	3.377	60.314	3.351	TRUE	NA	2016	4	12
H20160005	15	H20160005/15	130416	50F2	0416	0516	60	101	60.462	2.53	60.512	2.485	60.487	2.5075	TRUE	NA	2016	4	13
H20160005	16	H20160005/16	130416	50F2	0808	0908	60	127	60.689	2.008	60.745	2.016	60.717	2.012	TRUE	NA	2016	4	13
H20160005	17	H20160005/17	130416	51F2	1526	1627	61	315	61.298	2.515	61.358	2.544	61.328	2.5295	TRUE	NA	2016	4	13
H20160005	18	H20160005/18	130416	52F0	2338	0038	60	186	61.458	0.944	61.514	0.899	61.486	0.9215	TRUE	NA	2016	4	13
H20160005	19	H20160005/19	140416	53F0	0735	0835	60	506	62.205	0.968	62.171	0.881	62.188	0.9245	TRUE	NA	2016	4	14
H20160005	20	H20160005/20	140416	52E9	1410	1523	73	262	61.868	-0.067	61.828	-0.188	61.848	-0.1275	TRUE	NA	2016	4	14
H20160005	21	H20160005/21	140416	51E9	2031	2131	60	169	61.212	-0.035	61.147	-0.074	61.1795	-0.0545	TRUE	NA	2016	4	14
H20160005	22	H20160005/22	150416	51E9	0614	0714	60	126	61.006	-0.793	61.006	-0.66	61.006	-0.7265	TRUE	NA	2016	4	15
H20160005	23	H20160005/23	150416	50E9	0937	1037	60	132	60.876	-0.303	60.835	-0.208	60.8555	-0.2555	TRUE	NA	2016	4	15
H20160005	24	H20160005/24	150416	49E9	1503	1603	60	156	60.366	-0.255	60.317	-0.312	60.3415	-0.2835	TRUE	NA	2016	4	15
H20160005	25	H20160005/25	150416	49E8	2057	2158	61	126	60.017	-1.13	60.051	-1.042	60.034	-1.086	TRUE	NA	2016	4	15
H20160005	26	H20160005/26	160416	48E9	0617	0717	60	135	59.59	-0.473	59.63	-0.548	59.61	-0.5105	TRUE	NA	2016	4	16
H20160005	27	H20160005/27	160416	48E8	0958	1058	60	128	59.776	-1	59.797	-1.097	59.7865	-1.0485	TRUE	NA	2016	4	16
H20160005	28	H20160005/28	160416	47E8	1339	1439	60	120	59.54	-1.171	59.466	-1.175	59.503	-1.173	TRUE	NA	2016	4	16
H20160005	29	H20160005/29	160416	47E8	1631	1732	61	121	59.32	-1.151	59.28	-1.092	59.3	-1.1215	TRUE	NA	2016	4	16
H20160005	30	H20160005/30	160416	47E9	2043	2116	33	136	59.087	-0.533	59.078	-0.463	59.0825	-0.498	TRUE	NA	2016	4	16
H20160005	31	H20160005/31	170416	46E8	0618	0718	60	97.5	58.596	-1.895	58.642	-1.998	58.619	-1.9465	TRUE	NA	2016	4	17
H20160005	32	H20160005/32	170416	46E7	0927	1027	60	77	58.558	-2.381	58.529	-2.441	58.5435	-2.411	TRUE	NA	2016	4	17
H20160005	33	H20160005/33	170416	45E7	1231	1331	60	83	58.422	-2.198	58.399	-2.113	58.4105	-2.1555	TRUE	NA	2016	4	17
H20160005	34	H20160005/34	170416	45E8	1557	1657	60	72	58.192	-2.036	58.154	-1.97	58.173	-2.003	TRUE	NA	2016	4	17
H20160007	1	H20160007/1	280616	48E6	0415	0456	41	NA	59.617	-3.391	59.61	-3.464	59.6135	-3.4275	TRUE	NA	2016	6	28
H20160007	2	H20160007/2	290616	49E6	1350	1422	32	NA	60.408	-3.054	60.424	-3.036	60.416	-3.045	TRUE	NA	2016	6	29
H20160007	3	H20160007/3	300616	50E7	1048	1108	20	140	60.566	-2.596	60.547	-2.574	60.5565	-2.585	TRUE	NA	2016	6	30
H20160007	4	H20160007/4	300616	50E7	1704	1740	36	144	60.59	-2.038	60.598	-2.074	60.594	-2.056	TRUE	NA	2016	6	30
H20160007	5	H20160007/5	010716	50E8	0809	0841	32	125	60.888	-1.829	60.906	-1.892	60.897	-1.8605	TRUE	NA	2016	7	1
H20160007	6	H20160007/6	030716	51F0	0812	0837	25	150	61.194	0.34	61.196	0.399	61.195	0.3695	TRUE	NA	2016	7	3
H20160007	7	H20160007/7	030716	51E9	2105	2122	17	120	61.072	-0.452	61.073	-0.399	61.0725	-0.4255	TRUE	NA	2016	7	3
H20160007	8	H20160007/8	040716	50E9	0556	0611	15	145	60.943	-0.268	60.944	-0.301	60.9435	-0.2845	TRUE	NA	2016	7	4
H20160007	9	H20160007/9	060716	50F0	1833	1850	17	127	60.945	0.208	60.95	0.247	60.9475	0.2275	TRUE	NA	2016	7	6
H20160007	10	H20160007/10	070716	50F0	1312	1324	12	128	60.807	0.375	60.808	0.35	60.8075	0.3625	TRUE	NA	2016	7	7
H20160007	11	H20160007/11	080716	50F0	1255	1322	27	127	60.567	0.771	60.568	0.711	60.5675	0.741	TRUE	NA	2016	7	8
H20160007	12	H20160007/12	090716	49F0	1459	1516	17	155	60.287	0.656	60.297	0.666	60.292	0.661	TRUE	NA	2016	7	9
H20160007	13	H20160007/13	100716	49E9	0743	0801	18	114	60.197	-0.094	60.198	-0.133	60.1975	-0.1135	TRUE	NA	2016	7	10
H20160007	14	H20160007/14	100716	49F0	1131	1158	27	140	60.206	0.517	60.229	0.556	60.2175	0.5365	TRUE	NA	2016	7	10
H20160007	15	H20160007/15	110716	48E9	1210	1217	7	115	59.946	-0.359	59.946	-0.344	59.946	-0.3515	TRUE	NA	2016	7	11
H20160007	16	H20160007/16	120716	48E9	1104	1114	10	125	59.694	-0.304	59.691	-0.288	59.6925	-0.296	TRUE	NA	2016	7	12
S20160017	385	S20160017/385	181116	47E5	0746	0817	31	105	59.257	-4.133	59.242	-4.187	59.2495	-4.16	TRUE	NA	2016	11	18
S20160017	386	S20160017/386	181116	47E5	1118	1148	30	130	59.426	-4.871	59.453	-4.835	59.4395	-4.853	TRUE	NA	2016	11	18
S20160017	387	S20160017/387	181116	48E5	1348	1418	30	129	59.632	-4.8	59.634	-4.866	59.633	-4.833	TRUE	NA	2016	11	18
S20160017	388	S20160017/388	181116	48E4	1620	1650	30	131	59.674	-5.229	59.656	-5.28	59.665	-5.2545	TRUE	NA	2016	11	18
S20160017	389	S20160017/389	191116	47E4	0738	0758	20	125	59.386	-5.161	59.367	-5.179	59.3765	-5.17	TRUE	NA	2016	11	19
S20160017	390	S20160017/390	191116	47E4	0902	0932	30	105	59.254	-5.254	59.225	-5.284	59.2395	-5.269	TRUE	NA	2016	11	19
S20160017	391	S20160017/391	191116	47E4	1218	1233	15	95	59.304	-5.902	59.303	-5.933	59.3035	-5.9175	TRUE	NA	2016	11	19
S20160017	392	S20160017/392	191116	48E4	1437	1457	20	135	59.527	-5.949	59.54	-5.915	59.5335	-5.932	TRUE	NA	2016	11	19
S20160017	393	S20160017/393	201116	48E4	0749	0819	30	250	59.704	-5.884	59.704	-5.938	59.704	-5.911	TRUE	NA	2016	11	20
S20160017	394	S20160017/394	201116	48E3	0935	1005	30	210	59.691	-6.127	59.666	-6.09	59.6785	-6.1085	TRUE	NA	2016	11	20
S20160017	395	S20160017/395	201116	48E3	1140	1200	20	254	59.607	-6.278	59.59	-6.305	59.5985	-6.2915	TRUE	NA	2016	11	20
S20160017	396	S20160017/396	201116	47E3	1536	1606	30	165	59.208	-6.832	59.188	-6.879	59.198	-6.8555	TRUE	NA	2016	11	20
S20160017	397	S20160017/397	211116	46E2	0745	0815	30	192	58.589	-7.961	58.569	-8.008	58.579	-7.9845	TRUE	NA	2016	11	21
S20160017	398	S20160017/398	211116	45E2	0954	1009	15	123	58.359	-7.855	58.347	-7.876	58.353	-7.8655	TRUE	NA	2016	11	21
S20160017	399	S20160017/399	211116	45E2	1329	1359	30	120	58.317	-7.124	58.29	-7.157	58.3035	-7.1405	TRUE	NA	2016	11	21
S20160017	400	S20160017/400	211116	45E2	1546	1616	30	95	58.125	-7.361	58.099	-7.398	58.112	-7.3795	TRUE	NA	2016	11	21
S20160017	401	S20160017/401	221116	44E1	1316	1339	23	145	57.666	-8.957	57.69	-8.949	57.678	-8.953	TRUE	NA	2016	11	22
S20160017	402	S20160017/402	221116	44E1	1453	1523	30	164	57.663	-8.825	57.687	-8.802	57.675	-8.8135	TRUE	NA	2016	11	22
S20160017	403	S20160017/403	231116	42E0	0753	0757	4	190	56.887	-9.058	56.883	-9.057	56.885	-9.0575	FALSE	NA	2016	11	23
S20160017	404	S20160017/404	231116	42E1	0941	1006	25	125	56.81	-8.658	56.8	-8.613	56.805	-8.6355	TRUE	NA	2016	11	23
S20160017	405	S20160017/405	231116	42E1	1225	1255	30	135	56.81	-8.322	56.785	-8.284	56.7975	-8.303	TRUE	NA	2016	11	23
S20160017	406	S20160017/406	231116	42E1	1424	1454	30	154	56.602	-8.18	56.588	-8.126	56.595	-8.153	TRUE	NA	2016	11	23
S20160017	407	S20160017/407	241116	41E1	0803	0833	30	178	56.306	-8.11	56.283	-8.151	56.2945	-8.1305	TRUE	NA	2016	11	24
S20160017	408	S20160017/408	241116	41E1	1017	1047	30	155	56.333	-8.466	56.355	-8.506	56.344	-8.486	TRUE	NA	2016	11	24
S20160017	409	S20160017/409	241116	41E1	1255	1310	15	123	56.129	-8.67	56.116	-8.687	56.1225	-8.6785	TRUE	NA	2016	11	24
S20160017	410	S20160017/410	241116	40E1	1504	1519	15	128	55.899	-8.636	55.885	-8.65	55.892	-8.643	TRUE	NA	2016	11	24
S20160017	411	S20160017/411	251116	37D9	0801	0831	30	108	54.404	-10.111	54.382	-10.071	54.393	-10.091	FALSE	NA	2016	11	25
S20160017	412	S20160017/412	251116	37E0	0951	1011	20	98	54.453	-9.884	54.47	-9.863	54.4615	-9.8735	TRUE	NA	2016	11	25
S20160017	413	S20160017/413	251116	37E0	1203	1233	30	80	54.425	-9.49	54.452	-9.459	54.4385	-9.4745	TRUE	NA	2016	11	25
S20160017	414	S20160017/414	251116	38E1	1606	1636	30	53	54.499	-8.536	54.505	-8.481	54.502	-8.5085	TRUE	NA	2016	11	25
S20160017	415	S20160017/415	261116	38E0	0758	0828	30	100	54.722	-9.41	54.744	-9.453	54.733	-9.4315	TRUE	NA	2016	11	26
S20160017	416	S20160017/416	261116	38E0	1058	1128	30	75	54.93	-9.013	54.963	-9.021	54.9465	-9.017	TRUE	NA	2016	11	26
S20160017	417	S20160017/417	261116	39E0	1238	1308	30	96	55.115	-9.069	55.148	-9.068	55.1315	-9.0685	TRUE	NA	2016	11	26
S20160017	418	S20160017/418	261116	39E0	1442	1512	30	106	55.189	-9.295	55.219	-9.321	55.204	-9.308	TRUE	NA	2016	11	26
S20160017	419	S20160017/419	271116	40E2	0751	0821	30	162	56.007	-7.727	55.979	-7.751	55.993	-7.739	TRUE	NA	2016	11	27
S20160017	420	S20160017/420	271116	40E2	0942	1012	30	139	55.839	-7.771	55.823	-7.721	55.831	-7.746	TRUE	NA	2016	11	27
S20160017	421	S20160017/421	271116	40E2	1239	1258	19	69	55.577	-7.49	55.563	-7.462	55.57	-7.476	TRUE	NA	2016	11	27
S20160017	422	S20160017/422	271116	40E2	1506	1536	30	76	55.514	-7.047	55.516	-6.993	55.515	-7.02	TRUE	NA	2016	11	27
S20160017	423	S20160017/423	291116	39E5	0958	1029	31	62	55.342	-4.936	55.319	-4.973	55.3305	-4.9545	TRUE	NA	2016	11	29
S20160017	424	S20160017/424	291116	39E4	1201	1231	30	49	55.24	-5.197	55.21	-5.212	55.225	-5.2045	TRUE	NA	2016	11	29
S20160017	425	S20160017/425	291116	39E4	1448	1518	30	54	55.114	-5.192	55.085	-5.211	55.0995	-5.2015	TRUE	NA	2016	11	29
S20160017	426	S20160017/426	301116	41E3	0800	0830	30	50	56.119	-6.014	56.087	-6.014	56.103	-6.014	TRUE	NA	2016	11	30
S20160017	427	S20160017/427	301116	40E4	1143	1213	30	109	55.63	-5.887	55.6	-5.907	55.615	-5.897	TRUE	NA	2016	11	30
S20160017	428	S20160017/428	301116	40E3	1540	1610	30	92	55.567	-6.799	55.598	-6.803	55.5825	-6.801	TRUE	NA	2016	11	30
S20160017	429	S20160017/429	011216	40E2	0802	0832	30	65	55.884	-7.188	55.908	-7.152	55.896	-7.17	TRUE	NA	2016	12	1
S20160017	430	S20160017/430	011216	41E3	1014	1044	30	74	56.05	-6.938	56.051	-6.996	56.0505	-6.967	TRUE	NA	2016	12	1
S20160017	431	S20160017/431	011216	41E2	1413	1443	30	150	56.315	-7.678	56.316	-7.738	56.3155	-7.708	TRUE	NA	2016	12	1
S20160017	432	S20160017/432	021216	42E2	0806	0836	30	172	56.6	-7.399	56.625	-7.36	56.6125	-7.3795	TRUE	NA	2016	12	2
S20160017	433	S20160017/433	021216	42E2	1009	1039	30	172	56.756	-7.306	56.783	-7.276	56.7695	-7.291	TRUE	NA	2016	12	2
S20160017	434	S20160017/434	021216	42E2	1158	1228	30	156	56.725	-7.048	56.741	-6.994	56.733	-7.021	TRUE	NA	2016	12	2
S20160017	435	S20160017/435	021216	42E3	1446	1516	30	140	56.838	-6.695	56.849	-6.638	56.8435	-6.6665	TRUE	NA	2016	12	2
S20160017	436	S20160017/436	031216	44E3	0817	0832	15	149	57.541	-6.801	57.557	-6.799	57.549	-6.8	TRUE	NA	2016	12	3
S20160017	437	S20160017/437	031216	44E3	0946	1016	30	140	57.706	-6.68	57.738	-6.667	57.722	-6.6735	TRUE	NA	2016	12	3
S20160017	438	S20160017/438	031216	44E3	1250	1320	30	84	57.929	-6.211	57.959	-6.23	57.944	-6.2205	TRUE	NA	2016	12	3
S20160017	439	S20160017/439	031216	45E3	1525	1555	30	124	58.198	-6.001	58.229	-5.98	58.2135	-5.9905	TRUE	NA	2016	12	3
S20160017	440	S20160017/440	041216	46E2	0820	0850	30	127	58.645	-7.567	58.618	-7.532	58.6315	-7.5495	TRUE	NA	2016	12	4
S20160017	441	S20160017/441	041216	45E3	1104	1134	30	72	58.494	-6.957	58.497	-6.895	58.4955	-6.926	TRUE	NA	2016	12	4
S20160017	442	S20160017/442	041216	46E3	1304	1334	30	107	58.633	-6.871	58.645	-6.813	58.639	-6.842	TRUE	NA	2016	12	4
S20160017	443	S20160017/443	041216	46E3	1540	1610	30	95	58.617	-6.291	58.617	-6.228	58.617	-6.2595	TRUE	NA	2016	12	4
S20160017	444	S20160017/444	051216	46E4	0811	0841	30	82	58.867	-5.084	58.853	-5.139	58.86	-5.1115	TRUE	NA	2016	12	5
S20160017	445	S20160017/445	051216	46E5	1111	1137	26	57	58.663	-4.611	58.649	-4.656	58.656	-4.6335	TRUE	NA	2016	12	5
S20160017	446	S20160017/446	051216	46E5	1356	1426	30	94	58.666	-4.221	58.665	-4.284	58.6655	-4.2525	TRUE	NA	2016	12	5
